referrer,views_total,views_unique
github.com,17,4
wiki.ros.org,9,1
Google,1,1
chatgpt.com,1,1
index.ros.org,1,1
